174:57606,91046,38437,109231,19585,122852,115036,33107,74620,3233
224:4797,601,4589,353,1467,16918,15627,1951,8694,53543
245:80508,40012,62162,16786,81,262,114452,12895,63414,8588
500:17,8861,14750,8197,1912,12253,5080,4756,7795,3448
628:39233,65861,75280,84119,6526,21488,608,74618,89641,88745
891:361,254,17,7194,302,17934,654,354,2638,29
1389:75115,61636,56417,40853,33995,36171,95032,4245,85140,15025
1591:69776,62108,35798,1506,17,302,654,76,616,58
1780:88524,13960,1675,9354,49329,10404,48208,104391,120791,67574
1951:1360,2121,43119,42869,36996,65588,37497,41525,31609,98617
2025:10075,31848,111350,18512,236,61580,90630,17064,923,60222
2301:25557,28783,97413,108161,4032,7611,429,101819,94232,42004
2346:70,17,76,81,1884,13178,780,616,1462,986
2452:12832,24481,2282,10127,95533,20575,25216,77590,19376,27927
2453:29657,71417,23740,128,675,123316,110105,2283,68631,50818
2491:2319,76109,76135,76176,76195,76213,76224,76226,76283,76323
2597:3423,28926,780,2241,5767,3137,262,1884,226,3374
2716:16542,76547,56430,21085,4238,82330,96532,24589,34128,17893
2805:119435,3191,58,58156,3014,108691,82914,23495,79592,65176
2853:18850,86461,34823,83814,13735,68624,4292,4043,44510,4127
2965:29174,39796,57868,106585,57034,46210,86872,92012,698,64461
3011:2807,52389,52257,55993,48934,44919,60955,61169,64626,20589
3166:34472,35610,26090,24775,23742,22902,21496,20477,15901,15750
3412:56533,88275,68683,107299,2051,72467,78657,79323,6921,71593
3423:1382,17,94,13838,76,5689,3250,650,564,656
3431:3225,80576,47290,88768,1730,34500,683,2139,76,76380
3572:29630,31775,60680,110194,87374,56825,81034,54245,24627,52546
3684:6901,10236,18102,9877,49556,17990,109728,104197,88545,80992
4075:95901,3877,17,302,654,76,616,58,8,866
4209:38904,88331,42075,1164,61418,14500,3361,100327,45182,83954
4696:74099,74098,74096,74093,74087,74081,74080,74076,74075,74073
4751:12332,25910,367,14841,8167,57974,3126,45095,3477,18912
4898:12536,4732,17,302,654,76,616,58,8,866
4984:4826,24054,11108,2665,2967,385,3307,2021,5571,36198
5307:5192,17,302,654,76,616,58,8,866,84
5640:1970,10617,76,38984,698,7153,77518,38974,98679,51733
5896:119275,118550,43442,6779,14817,65127,77711,78685,51253,40667
5904:92712,91431,11152,78504,95617,10372,2265,105454,98932,93649
5905:518,17,84,1102,302,616,564,5998,902,58
5994:63574,64804,19135,15777,75541,75530,75515,75487,75485,75472
6110:16947,6207,17,441,1410,827,40,76,1009,5363
6312:20309,6290,17,302,654,76,616,58,8,866
6569:21576,6569,17,302,654,76,616,58,8,866
6600:2379,1884,226,17317,2967,81,6545,70,35720,3423
6602:30436,7364,111418,97278,35715,2492,42598,26844,79208,50141
6603:12734,86707,12332,17527,37042,4575,8860,8167,25910,59005
6698:105969,3307,9354,51355,51204,50961,50570,50036,49699,49471
6894:112582,5152,6922,25149,17,302,654,76,616,58
7027:7092,17,302,654,76,616,58,8,866,84
7077:64725,31168,32107,77790,62125,58530,43857,39800,39744,39724
7451:69,1917,38690,1617,12495,65161,17944,16147,12597,8794
7517:3378,11408,22713,186,64973,10178,45641,40356,58738,40483
7555:72027,90038,5784,13716,17692,116662,103272,93182,81074,73619
7612:616,17,58,654,1424,302,591,2158,11459,8
7682:7836,47276,61872,15556,1012,28527,289,1462,62614,3216
8036:399,984,40319,19102,62664,463,25253,8252,1400,5488
8161:54240,8357,77681,3307,9354,2880,4444,46908,46748,46521
8334:17,654,58,616,302,29,6457,15,542,61
8413:409,32,15,542,616,2456,17,9331,58,690
8578:106,14152,2816,10466,974,4481,65496,1957,50156,121338
9357:80021,83385,9760,20184,7585,986,79716,79695,79656,79635
9389:32076,97686,109119,39645,63225,45970,72606,95029,18077,7560
9486:94680,17684,115711,24364,94987,38475,15360,50707,3509,78501
9911:17,52939,29555,11951,86748,110243,73909,8671,76085,80425
9946:8454,10503,27291,21963,17145,14403,33562,19489,10404,14508
10115:17975,59971,52988,91717,25553,78592,55600,10862,9581,25478
10133:3610,9289,42735,138,13966,704,698,224,12310,26077
10364:32721,17,21366,36715,826,1086,364,21486,902,62151
10378:18935,97626,8860,2153,463,168,75393,75402,75389,75411
10392:11096,17,302,654,76,616,58,8,866,84
10479:30754,82309,68370,70299,113585,77710,52696,62290,75860,39438
10691:4181,364,542,616,483,15,17,103,61,490
10842:37577,947,3307,9354,4292,60574,54858,55155,2520,55381
10968:616,17,58,654,542,564,302,861,650,6
11211:36727,9557,18883,14990,46911,49980,28996,2809,102437,99740
11240:94438,17,302,654,76,616,58,8,866,84
11332:31188,100792,108417,103220,98337,85124,65242,55777,74854,33019
11360:51209,12307,17,302,654,76,616,58,8,866
11414:18319,17,302,16572,45472,73182,301,102777,39447,68335
11427:3054,4575,12332,3477,25910,45095,10003,76,58760,23528
11836:9949,42736,135,24384,86780,94940,168,1326,31171,21998
11839:12988,94970,49696,52411,85617,84183,10345,23676,97455,118323
11851:75312,75361,75389,75393,75402,75411,75421,75435,75472,75485
12211:3043,10692,6901,16658,1651,8783,9843,2528,12093,6117
12237:10291,30139,40898,108904,56151,45322,111861,41523,79435,67566
12562:88524,12637,48208,45423,49329,9354,68717,35731,29453,104391
12616:11644,42514,2447,9629,80826,24211,14964,37386,11641,28490
12628:4305,62866,8471,122304,75300,75303,75312,75361,75389,75393
12991:17,76,7984,508,564,65,236,302,616,46860
13116:347,70284,77533,24467,19937,7981,11884,14237,72827,29543
13192:26109,26152,26182,26185,26269,26294,26374,26389,26408,26432
13259:14889,4292,32934,33096,33217,33250,33261,33446,33447,33597
13325:1592,51442,109527,21553,35946,99035,78637,26988,41973,109106
13425:17985,29298,99633,13102,95140,8359,13419,1803,30,91520
13607:138,17,70,654,302,42,354,521,84,226
13618:15445,73474,73440,73368,73012,72996,72726,72492,72235,71868
13723:114582,5980,49287,29654,93358,32743,35064,36086,181,3224
13761:57756,106984,25565,17032,4399,110623,99523,8892,21551,73571
13781:80287,51741,921,80989,17,302,654,76,616,58
13871:719,13299,463,168,984,4877,2888,25202,135,1400
13961:81615,10804,17,302,654,76,616,58,8,866
14128:1175,43848,79716,79695,79656,79635,79628,79611,79585,79546
14321:78283,107083,82614,63273,105633,81921,42527,32909,49601,52177
14422:11083,65532,11581,62,45,953,3307,2266,45527,45815
14601:110399,74319,37415,16903,17,302,654,76,616,58
14712:8066,2548,50908,109137,105750,22128,53749,84238,32607,15131
14784:1682,8894,19112,719,168,5480,5738,4261,22833,19217
14874:302,17,58,29,616,84,354,1102,3730,5553
14960:18447,2162,100524,7637,11683,43591,58597,73733,109652,76689
14992:16217,81,2241,7211,32166,140,3423,780,2967,13544
15027:6491,785,18239,6127,500,11671,17,32616,56488,17546
15051:61495,17560,17,302,654,76,616,58,8,866
15189:542,33464,91473,17052,119527,117702,116887,82523,71824,63286
15224:17,2659,70,616,15,226,364,654,302,542
15448:16763,76017,5103,226,5355,4021,83045,3137,2967,3307
15567:302,17,58,29,616,84,354,1102,3730,5553
16192:19244,99734,36401,9961,85292,45791,23317,1989,80954,80941
16231:719,2318,7426,5480,5738,463,9874,15100,76,661
16329:8,17,999,84,616,654,302,1102,2076,101
16380:87262,76109,76135,76176,76195,76213,76224,76226,76283,76323
16532:11435,115251,2444,48413,68914,20159,37671,32244,2946,111853
16667:3307,55663,2548,19824,18921,59292,30251,92621,58853,5552
16679:14576,15298,83851,79442,73470,65130,92717,119108,94070,112864
16838:24285,20477,30156,54234,115342,104653,104882,67979,108365,23444
16860:1970,10617,76,38984,698,7153,77518,38974,98679,51733
16918:101968,90678,110448,99978,5648,31227,2946,12396,58496,1131
17378:43006,89419,15190,14255,1419,5292,73924,73917,73911,73909
17412:89220,65056,5784,19299,1002,102551,2548,44568,92913,87523
17415:17,654,302,4828,58,18362,29,50897,650,616
17484:89499,30259,34582,4965,95159,62433,10869,16431,203,4650
17498:21277,17,302,654,76,616,58,8,866,84
17556:61658,26162,1888,93353,8453,91863,22878,44150,8482,11428
17779:302,239,654,84,866,395,3,58,726,354
17867:46013,5365,13114,13518,15295,18052,19934,28825,38219,58978
17974:116053,4573,22255,82949,31919,107759,83008,28888,62200,76775
18146:79260,71487,18522,27834,32278,38395,5471,1471,15705,2937
18195:31759,31762,31790,31795,31804,31809,31811,31817,31847,31850
18204:177,69494,11497,22655,103120,66537,9354,44767,44742,44659
18272:103947,17,302,654,76,616,58,8,866,84
18316:94176,73150,38766,85496,876,85077,44801,901,2064,1970
18322:189,4755,2880,1712,1527,19697,4825,3107,1352,35625
18394:4982,58929,73263,71859,38682,113192,73108,37134,1816,104065
18525:22927,3307,82748,82341,73016,72662,72464,70969,70170,68958
18697:13897,43803,88520,37480,52105,17567,74601,36127,100589,109134
18698:23308,34167,58338,55785,13733,33065,73814,23088,38620,64061
18887:23490,709,50585,6545,49913,45269,45260,45218,45205,45202
19043:112354,9354,1696,32351,32022,30651,30513,84598,83000,82546
19046:9383,110825,97380,25787,74069,53924,23748,17,302,654
19148:8322,24933,6856,13077,16965,36432,30815,51232,31597,19528
19156:87246,55084,90695,83408,2567,5287,109871,32514,8178,13216
19304:73832,73836,73848,73853,73855,73859,73867,73868,73877,73880
19343:61118,93612,24223,39724,39547,39501,39485,39387,39298,39078
19354:10684,26993,87673,25000,11101,50841,4681,84543,44315,77984
19433:68645,24380,52732,535,656,78718,17,302,654,76
19582:112843,44658,45118,47641,48480,51695,52142,57714,2331,95221
19705:73512,34325,20103,38403,38824,22753,59803,69661,12878,81397
19996:302,239,654,84,866,395,3,58,726,354
20125:84291,17,302,654,76,616,58,8,866,84
20322:31652,107413,40148,378,46073,2266,25962,5287,2859,833
20327:80321,59670,25969,39206,17,302,654,76,616,58
20507:1397,4889,9054,14268,2510,5975,603,8772,13341,4656
20547:12090,429,36541,17,26360,4610,87249,15207,65648,616
20555:86431,1693,88791,13876,109798,56426,80040,52005,96661,99110
20721:302,239,654,84,866,395,3,58,726,354
20906:8660,6503,4949,34922,74954,26849,15921,9216,107537,53856
20990:70,17,76,81,1884,13178,780,1462,986,138
21029:39390,22966,54625,29064,79002,9613,81469,5291,106824,101931
21084:37348,3270,63947,4274,20959,6783,44183,83010,70555,45942
21288:224,17,1245,654,302,650,58,62,616,138
21317:3915,17,3864,7006,76,508,1589,5450,49490,6852
21604:1913,2265,40263,31633,12832,114626,35247,5398,96393,98911
21631:35689,17,302,654,76,616,58,8,866,84
21868:17,302,521,5581,449,654,1462,84,70,2163
21944:21412,47081,15,101,100405,89938,17,322,616,78400
21996:90465,17,302,654,76,616,58,8,866,84
22016:302,239,654,84,866,395,3,58,726,354
22201:698,76,56465,564,17,2139,2512,66613,5363,3081
22213:2121,807,39000,84549,12710,1099,8191,10702,31609,16261
22236:17,302,654,29,650,116,3757,58,2944,2831
22251:81,16286,8511,3137,3718,16404,8588,22597,3682,16653
22346:302,239,654,84,866,395,3,58,726,354
22354:76967,66969,93054,109979,55825,35374,51409,20047,47948,44138
22363:14470,10106,61920,85046,16406,87673,51021,11101,43763,68382
22400:81,731,3137,5860,5767,550,9790,11839,3939,14059
22477:17,4541,654,20409,302,616,58,29,285,15
22533:92386,17,302,654,76,616,58,8,866,84
22546:518,17,84,1102,302,616,564,5998,902,58
22580:9938,77845,58406,21372,3113,1360,56527,51044,11078,51500
22603:1187,899,17,48,891,2162,1389,496,1057,875
22706:89392,61024,53067,82599,62251,62476,34349,40504,68146,66207
22824:29736,56102,29,542,15,650,787,430,3162,4967
22825:44779,118346,30521,121014,10537,49065,7869,1951,40734,3307
22901:69071,17,302,654,76,616,58,8,866,84
22949:104598,75493,59421,52163,34034,32793,46554,55577,118601,3846
22986:40069,873,780,3137,2967,385,3307,2021,57367,57218
23044:109465,78761,12073,74100,17,302,654,76,616,58
23099:101657,77676,26340,58205,32645,16685,20356,1888,7680,4671
23110:177,69494,11497,22655,103120,66537,9354,44767,44742,44659
23254:9710,20913,8034,5230,13227,13959,9057,835,9172,3143
23508:44026,52865,69203,48389,48759,113350,29749,88644,76606,31827
23549:111926,83361,85121,46884,12764,17376,41656,90264,17,87198
23711:63989,46374,17439,32207,17,302,654,76,616,58
23865:20892,84267,10844,32507,17,302,654,76,616,58
23872:39490,8605,54778,107927,45750,116629,115865,79151,94461,37256
24019:50724,83814,44100,15441,18850,2646,84428,32856,85533,3214
24056:32941,17,302,654,76,616,58,8,866,84
24100:17,4173,45,302,654,155,616,2876,58,37032
24144:1326,2337,168,1460,5738,719,352,4372,53052,463
24146:703,3993,616,2748,23391,17,51173,302,5661,65785
24210:15289,1790,3309,54216,5103,70,11145,55253,226,1382
24248:25216,95533,2265,45269,2282,2848,11352,12832,30791,110343
24286:74770,24804,20694,62835,64480,14302,68739,78873,19822,86072
24331:33483,75361,75389,75393,75402,75411,75421,75435,75472,75485
24349:289,58,554,17,616,654,8,302,518,84
24421:80290,33658,70365,74956,74962,74983,74985,74986,74999,75016
24468:5398,11612,26985,12165,4586,114175,59151,4425,2139,18124
24536:17,302,564,654,616,58,650,84,361,866
24558:1991,106792,45010,86372,354,5254,378,16021,18185,64461
24668:1181,2338,61,1752,654,17,2626,15749,447,146
24673:101620,75255,67427,39839,79068,83906,65141,45163,42107,32405
24777:79040,60281,74264,54991,54374,41990,77670,60189,41453,41073
24825:34462,17,302,654,76,616,58,8,866,84
24839:116660,17,302,654,76,616,58,8,866,84
24943:36323,25366,18939,64200,36848,33502,44578,8960,34392,86697
25036:34868,17,302,654,76,616,58,8,866,84
25044:2220,908,947,77616,73495,84,2950,90570,55414,61784
25183:748,101033,96990,108827,54732,83567,518,8,121445,84
25212:38953,35201,17,302,654,76,616,58,8,866
25253:2265,1913,31633,40263,114626,12832,35247,27897,24194,98911
25298:43876,102611,120263,112186,33272,63860,44872,19200,69738,12045
25410:2085,17,6143,4187,179,10661,40048,1126,41177,14315
25449:35675,17,302,654,76,616,58,8,866,84
25513:37773,30977,29532,39668,49182,10519,17865,99712,69113,44004
25518:34694,1606,4364,119,564,1173,2140,3717,736,74093
25519:40983,32623,7056,62489,31315,1351,347,21285,14993,5277
25583:361,254,17,7194,302,17934,654,354,2638,29
25612:19999,21342,79010,66155,76153,34420,16397,61041,10267,62445
25716:79696,50150,25470,23827,13448,1077,34781,99896,4549,45419
25951:89506,15984,2021,48953,42467,101271,111948,66490,32294,27983
26100:14839,12861,862,17486,19152,4671,3034,203,8867,31157
26108:44041,2730,71204,17,302,654,76,616,58,8
26147:8322,24933,6856,13077,16965,36432,30815,51232,31597,19528
26430:43086,4,18452,10048,10305,23051,52449,14524,9323,538
26440:78959,37738,17,302,654,76,616,58,8,866
26453:35793,29532,39668,30977,49182,99712,44004,17865,47327,10519
26516:16387,56511,61991,63933,12022,641,58982,5381,24246,88443
26566:302,239,654,84,866,395,3,58,726,354
26610:31762,31790,31795,31804,31809,31811,31817,31847,31850,31856
26612:12706,103863,49501,55865,48076,74380,403,3374,73065,81841
26628:17,182,650,616,518,236,1245,409,302,3144
26632:70232,36555,17,302,654,76,616,58,8,866
26728:217,81,3516,7516,17,226,3137,229,58,780
26734:17,302,654,76,616,58,8,866,84,29
26856:38592,17,302,654,76,616,58,8,866,84
26949:38763,1119,1276,2955,1127,3307,1359,4444,3584,47806
27124:34016,40196,17,71267,106289,91203,70,302,10505,616
27172:986,12589,1749,27338,98886,2204,1316,81,54073,19095
27180:118231,28333,122161,94006,96975,39353,43831,86364,33594,901
27250:61490,17,302,654,76,616,58,8,866,84
27289:22519,79143,63057,20143,87203,78146,90671,108619,72381,33219
27406:17,302,58,29,616,84,354,1102,3730,5553
27481:35784,83298,73611,2748,31902,31878,31875,31873,31856,31850
27510:75361,75389,75393,75402,75411,75421,75435,75472,75485,75487
27514:603,533,181,87044,2633,35064,5975,15506,73713,58674
27585:361,254,17,7194,302,17934,654,354,2638,29
27594:3742,17,98314,106118,45036,342,1764,113783,107923,2531
27627:73836,73848,73853,73855,73859,73867,73868,73877,73880,73883
27672:17,16343,12884,283,45268,91272,302,20505,74093,96054
27789:16879,986,71237,27490,18787,94058,76,23093,72296,18331
27794:55367,36484,6329,7280,23071,1847,40562,17,302,654
27799:3789,108157,31469,35640,50100,3991,429,76,508,1326
27940:13512,873,17,22280,1164,302,70,9926,47116,508
27958:1175,43848,79716,79695,79656,79635,79628,79611,79585,79546
28204:51391,17,302,654,76,616,58,8,866,84
28247:39915,39805,49852,29743,91686,13197,10944,117683,115340,109814
28354:6549,42678,73127,99039,26206,108609,65904,93628,113588,16372
28414:73828,73832,73836,73848,73853,73855,73859,73867,73868,73877
28520:79363,79388,79447,79460,79476,79503,79517,79536,79546,79585
28554:19466,27012,43896,21521,73003,44848,96606,90214,88952,99062
28681:302,239,654,84,866,395,3,58,726,354
28861:86131,92147,97697,109052,105573,94440,90092,48754,8037,78700
28873:12509,11251,22851,17,2139,64869,90191,79895,58544,6724
28885:31762,31790,31795,31804,31809,31811,31817,31847,31850,31856
28940:64457,42966,17,302,654,76,616,58,8,866
28973:17,650,616,302,76,654,58,356,564,554
29138:44535,17,302,654,76,616,58,8,866,84
29169:31762,31790,31795,31804,31809,31811,31817,31847,31850,31856
29360:97682,43860,17,302,654,76,616,58,8,866
29368:17,302,654,35891,1109,47737,616,58,2641,285
29432:17,302,654,76,616,58,8,866,84,29
29525:73836,73848,73853,73855,73859,73867,73868,73877,73880,73883
29569:654,17,58,302,616,449,1231,6,7841,4423
29668:73828,73832,73836,73848,73853,73855,73859,73867,73868,73877
29708:10049,17,16086,33452,49105,51225,43380,111682,120260,13628
29777:8322,24933,6856,13077,16965,36432,30815,51232,31597,19528
29781:83670,7197,463,7544,30718,113622,32097,2103,2642,6063
29873:79623,79643,79715,79720,79727,79768,79835,79863,79880,79933
29892:6668,40900,70031,26656,36658,62259,12720,533,2510,43391
29993:45265,17,302,654,76,616,58,8,866,84
30064:162,58,642,483,2953,15,1140,654,542,861
30071:698,76,32,11127,17,3546,97147,97722,91769,89497
30247:3976,522,379,10316,43716,83363,27879,59068,12536,111201
30288:41996,1889,35870,20572,76697,6201,64682,69605,8396,34445
30335:73017,669,947,3307,5287,4292,2021,48595,48549,48380
30392:8232,302,736,78528,94122,17,564,56885,654,52757
30399:2778,42073,49154,58422,2600,111152,13087,100191,100600,40570
30482:361,254,17,7194,302,17934,654,354,2638,29
30610:74147,74229,74408,74452,74708,74805,74885,74967,75426,75585
30617:56058,17235,77877,14853,63132,71978,39781,86037,27957,29223
30626:21607,110104,122762,96824,28693,10099,15906,47544,103775,107777
30739:13088,30779,73708,121179,75886,48445,37254,12789,84555,40080
30767:8066,2548,50908,109137,105750,22128,53749,84238,32607,15131
30876:17708,75852,22891,85020,65171,1326,104993,9854,80390,111317
30958:47482,114430,4783,14235,22286,55820,56728,80300,105642,81575
30982:33504,69909,35355,6156,52930,113296,84700,22023,82466,76170
31001:17,564,302,654,84,58,616,76,1102,301
31005:17,654,302,726,837,58,395,29,1567,3
31130:10451,13895,7885,1002,14790,77175,20707,2548,1003,60950
31151:10259,17,302,29,45592,34443,18942,25471,61,56109
31225:39596,14106,42965,47258,53068,10764,26444,9240,19288,14508
31321:14237,37838,68282,8976,79757,4810,39089,39682,33324,59340
31345:32431,114098,93335,33361,98162,86821,6237,30638,943,11514
31348:48336,9354,1696,45715,45175,44756,44641,44632,44300,44127
31356:610,1578,74112,17,48929,1549,16063,73890,17238,52193
31371:17,2185,616,6353,302,1001,654,58,3429,4643
31502:120032,17,302,654,76,616,58,8,866,84
31508:109007,48716,17,302,654,76,616,58,8,866
31585:18850,86461,34823,83814,13735,68624,4292,4043,44510,4127
31597:47228,48932,62870,16686,94594,80867,31748,70125,20706,80499
31653:840,6754,33763,3196,3370,2548,27070,45954,10541,14793
31696:52320,121654,104129,81079,109485,44196,60576,63371,2021,76513
31751:49305,17,302,654,76,616,58,8,866,84
31789:50904,49379,17,302,654,76,616,58,8,866
31947:49712,2548,840,49306,48945,48742,48237,47456,47214,47156
32110:17,302,564,654,616,58,650,84,361,866
32145:112156,17,302,654,76,616,58,8,866,84
32205:1730,3568,5097,890,4743,18425,48165,42756,55944,121079
32251:50425,62860,62162,62210,62243,62293,62335,62345,62378,62401
32256:75312,75361,75389,75393,75402,75411,75421,75435,75472,75485
32409:76,5729,17,736,616,8,5022,58,302,654
32493:616,3563,58,542,654,17,302,238,650,861
32533:6545,16340,86938,123024,24517,48384,105667,116303,27171,64241
32583:97913,51123,17,302,654,76,616,58,8,866
32675:921,54178,56455,81708,107702,64343,75860,62290,111031,1899
32701:108635,16960,34215,9354,1696,47457,46845,46813,46745,46288
32819:79596,79623,79643,79715,79720,79727,79768,79835,79863,79880
32822:29003,3157,74956,74962,74983,74985,74986,74999,75016,75017
32953:52038,17,302,654,76,616,58,8,866,84
32982:108516,17,302,654,76,616,58,8,866,84
33005:76594,76357,61929,54763,11822,93336,74280,81722,90254,81
33135:49736,40,22028,71954,49937,90833,28773,4261,52452,760
33151:33504,69909,35355,6156,52930,113296,84700,22023,82466,76170
33268:52770,4112,96945,17,302,654,76,616,58,8
33316:302,239,654,84,866,395,3,58,726,354
33355:49458,21822,17427,46905,66922,17590,28879,16596,5363,4996
33364:9572,4268,245,103,1165,13657,8398,7910,2302,17
33443:94376,68484,88806,12948,3049,53271,19104,27034,73151,82422
33454:11637,104976,61444,13277,70038,36630,1608,94583,22752,85701
33527:53457,17,302,654,76,616,58,8,866,84
33528:121326,51952,118712,36274,1808,26540,14006,36771,89625,17904
33541:2153,8470,49882,1460,5480,4103,106214,760,40942,35277
33621:53672,4117,96010,17,302,654,76,616,58,8
33652:31762,31790,31795,31804,31809,31811,31817,31847,31850,31856
33783:76477,102666,30663,52646,46086,25916,107315,89811,34662,118285
34041:2607,61303,22880,50147,1535,17660,2168,70,14952,21144
34092:56697,10775,27165,37146,48337,54479,83353,89028,104766,14504
34106:9354,43783,14508,70150,76605,8454,58374,81699,39402,64
34174:787,42738,17,74144,16651,59469,12485,518,24405,43307
34309:7941,13893,37503,5851,98818,39963,21112,16330,78787,38795
34335:55284,997,17,302,654,76,616,58,8,866
34470:17,76,3841,138,4187,654,1023,698,179,92042
34511:12617,1175,44547,99359,90233,43848,2946,718,3307,5287
34553:3389,899,48,17,1187,1119,74880,891,1195,108260
34579:61189,101798,17234,106748,114939,104250,7694,18996,24534,11015
34628:64481,58050,65936,70242,43199,96519,107640,116411,116857,48643
34717:71314,17,302,654,76,616,58,8,866,84
34741:50023,85094,17,302,654,76,616,58,8,866
34833:17,68750,5724,102019,302,87195,46265,49720,63340,92983
34917:66419,79388,79447,79460,79476,79503,79517,79536,79546,79585
34936:34251,112434,90412,80234,76176,76195,76213,76224,76226,76135
35127:117707,17,302,654,76,616,58,8,866,84
35166:37773,30977,29532,39668,49182,10519,17865,99712,69113,44004
35176:81,3423,13544,986,226,51141,1749,2379,90213,119485
35212:4475,37528,10438,59900,7334,85445,9594,5536,24538,41687
35241:10536,18783,441,108387,98863,13,3506,35943,54318,30778
35297:11800,56113,64628,51035,12791,82549,72766,13504,74967,101453
35311:13046,35382,8364,41878,25751,113723,36848,8960,44578,19507
35332:616,17,58,654,542,564,861,302,650,6
35456:206,46776,16611,4937,34814,24775,106950,60838,75656,27638
35510:8211,3372,10492,3672,8321,226,5522,7021,11563,22150
35525:70,17,76,81,1884,13178,780,1462,986,138
35574:58289,117771,4719,8694,46592,17,15995,62863,377,3514
35593:35554,16121,83310,51893,8582,111165,55716,28155,24588,24278
35730:118117,65972,67294,6545,49964,49960,49913,45269,45260,45218
35820:35821,17,302,654,76,616,58,8,866,84
35859:8384,59031,262,3307,9354,2880,51761,50672,49415,48759
35932:1970,546,3081,730,240,110918,10446,698,6303,5398
35989:11973,58853,2548,1002,1730,4456,6503,5287,39135,39145
36315:59623,8001,23599,10273,75402,48361,111538,17674,98501,21879
36330:680,1358,15193,15571,23934,13447,17,2073,77964,6598
36385:60059,40825,29335,28416,2169,56693,75312,75361,75389,75393
36419:3423,28926,780,2241,5767,3137,262,1884,226,3374
36488:82536,48899,103489,38653,113484,106001,85169,32955,11169,94947
36499:1913,2265,40263,31633,12832,114626,35247,5398,96393,98911
36508:394,6353,17,6546,3429,650,302,101,9838,654
36585:6097,2337,2153,168,1326,5738,1528,9800,297,336
36595:861,591,17,58,654,302,15583,1424,650,11459
36689:38953,35201,17,302,654,76,616,58,8,866
36727:94793,41715,64290,12406,848,5122,2917,986,46406,22738
36966:90241,23314,61809,39888,38662,3307,9354,31222,33635,34014
37053:669,91027,112973,102234,19528,45886,19823,6225,8322,88867
37054:12721,9731,17,302,654,76,616,58,8,866
37078:14557,613,81,102254,30764,29681,20412,118115,116904,106730
37175:17,1140,302,654,58,616,29,194,861,10012
37178:24948,103858,108998,3526,3307,9354,2880,4444,46908,46748
37212:1604,13893,5851,39963,37503,78787,79127,83595,52477,64389
37255:62508,17,302,654,76,616,58,8,866,84
37308:73418,20209,17,302,654,76,616,58,8,866
37313:91261,17,302,654,76,616,58,8,866,84
37358:83182,49711,53702,20052,23111,43617,38213,9694,31307,11579
37398:118152,75297,117732,49277,107255,92359,24010,75582,36535,56333
37480:30357,54703,9794,56965,1803,74686,10493,98661,37898,22890
37515:302,239,654,84,866,395,3,58,726,354
37516:861,591,17,58,654,302,15583,1424,650,11459
37530:48239,88148,67167,9293,18251,41668,24161,108419,49133,65
37666:122567,17,302,654,76,616,58,8,866,84
37708:121734,17,302,654,76,616,58,8,866,84
37731:24530,103066,12264,4566,15461,37923,8231,103884,72869,66946
37849:64065,17,302,654,76,616,58,8,866,84
37910:78374,64229,17,302,654,76,616,58,8,866
37912:73832,73836,73848,73853,73855,73859,73867,73868,73877,73880
37918:114563,6545,36727,36514,36494,36382,36297,36246,36202,36182
37987:41991,22597,550,3718,44156,140,34910,1749,24335,4156
37988:52200,86479,105164,39277,10662,91352,52056,3068,60464,3183
38057:913,542,17,7329,70802,36993,92526,38886,102827,106229
38073:294,486,947,358,62,61,301,8,76,17
38088:7235,168,2318,661,2642,463,984,76,4877,8733
38108:1102,17,1762,302,8,654,354,2570,518,74027
38168:7484,9612,45719,81228,47785,7225,4877,661,719,41075
38367:1239,654,8,564,17,120841,616,8183,15,105023
38376:17,908,84,899,1825,301,302,48,931,52802
38391:99206,17,302,654,76,616,58,8,866,84
38451:1913,19319,27880,5443,122473,71312,86559,31633,46332,94260
38616:35186,109914,62860,71921,65908,75480,62162,56558,63414,63020
38648:20938,5232,30412,16710,60328,93322,83264,19940,1625,30948
38686:46663,62950,41679,53358,33947,9414,7115,698,93694,9930
38715:75361,75389,75393,75402,75411,75421,75435,75472,75485,75487
38786:46013,5365,13114,13518,15295,18052,19934,21878,28825,58978
38813:79388,79447,79460,79476,79503,79517,79536,79546,79585,79611
38870:17,616,302,650,3017,86,394,654,58,564
38897:114097,2548,840,49306,48945,48742,48237,47456,47214,47156
38967:19029,44935,5611,76460,22848,94354,20037,9782,7614,48582
38983:6545,49960,49913,45269,45260,45218,45205,45202,45196,45124
39005:67153,89870,48673,23568,88818,118005,3307,73675,16337,73970
39159:109809,69007,25308,15746,11477,9932,176,76644,76632,76621
39188:361,254,17,7194,302,17934,654,354,2638,29
39379:95255,68271,11914,17806,106313,119334,88835,116184,46022,115628
39394:9354,4292,35376,35438,35453,35747,35840,35869,36166,36170
39429:84192,68417,17,302,654,76,616,58,8,866
39458:3423,28926,780,2241,5767,3137,262,1884,226,3374
39515:441,1145,4513,14399,8928,47652,1256,31483,10647,4547
39556:302,17,654,58,1476,3234,495,84,1102,749
39662:50336,78092,17,302,654,76,616,58,8,866
39693:18901,119840,281,111390,56464,50780,79968,1462,70,49913
39865:69611,17,302,654,76,616,58,8,866,84
39876:69646,17,302,654,76,616,58,8,866,84
39877:16610,54390,20313,23964,25481,8275,111411,8446,61228,22238
39903:302,239,654,84,866,395,3,58,726,354
40043:361,254,17,7194,302,17934,654,354,2638,29
40053:726,17,239,302,654,395,58,1567,3234,2868
40098:361,254,17,7194,302,17934,654,354,2638,29
40129:70306,5423,65172,7310,102032,6983,57714,84781,15876,15901
40158:38931,21853,15884,654,302,18878,58207,45364,116643,5985
40215:8454,10503,27291,21963,17145,14403,33562,19489,10404,14508
40229:70565,17,302,654,76,616,58,8,866,84
40234:616,17,654,1196,650,409,542,238,7908,58
40258:35229,168,5738,11899,719,1460,5480,8860,2318,1400
40538:17,182,650,616,518,236,1245,409,302,3144
40864:120789,17,302,654,76,616,58,8,866,84
40960:5565,68379,89139,73893,73890,73886,73885,73883,73880,73877
41019:111946,56795,98532,68575,4108,75127,114419,33124,87490,48850
41055:719,2318,7426,5480,5738,463,9874,15100,76,661
41080:63358,29486,75149,58523,107970,3207,2403,2714,2696,1827
41119:73017,669,947,3307,5287,4292,2021,48595,48549,48380
41128:119252,17,302,654,76,616,58,8,866,84
41147:4880,1164,76,361,698,2008,17,866,21696,52682
41159:302,616,654,17,29,58,6,4662,3223,861
41181:79388,79447,79460,79476,79503,79517,79536,79546,79585,79611
41184:118652,17,302,654,76,616,58,8,866,84
41261:28129,120372,19871,58297,17646,7021,73199,7105,67914,103575
41286:18414,92774,33279,102613,43326,78047,91112,80425,13789,1193
41300:73497,17,302,654,76,616,58,8,866,84
41402:5624,10041,3328,1352,12990,4755,8848,29254,3172,3140
41424:17,1140,302,654,58,616,29,194,861,10012
41464:20248,53789,51905,46400,30137,36655,64899,21403,21527,28624
41483:17,289,654,101,302,616,554,29,4174,73
41485:3137,780,81,17,95311,2157,1276,6395,14174,36938
41508:41526,10137,44479,62594,7738,7024,101783,78145,69017,65867
41509:120167,17,302,654,76,616,58,8,866,84
41683:79040,60281,74264,54991,54374,41990,77670,60189,41453,41073
41703:23494,22061,12937,6700,84903,51645,6938,73164,107577,39508
41820:92271,21219,75574,75541,75530,75515,75487,75485,75472,75435
41886:42260,89437,44023,118815,111180,70112,1740,75129,17,302
41947:87099,104852,53976,37812,91266,105119,107090,87798,76608,76606
41975:79619,68142,64505,62132,100828,105328,45638,44637,43472,34290
42030:302,616,58,564,11767,2172,1549,654,17,1196
42086:866,546,17,254,302,354,76,654,4068,1995
42179:4941,2447,24211,11641,3180,4126,10342,16155,8209,5598
42184:120267,17,302,654,76,616,58,8,866,84
42193:16947,802,14451,1790,51148,4646,46365,114251,66008,78353
42229:85314,45391,44506,96722,103048,105759,114254,117651,19111,94173
42278:94695,74445,32827,70086,54620,21001,1684,225,654,17
42461:13832,7067,17,225,32755,78727,616,302,696,947
42462:122573,46623,105848,82837,54083,17,302,654,76,616
42495:2548,4456,2268,3307,4292,3661,49421,3645,3646,3691
42568:1913,5363,2265,26036,21332,1149,101621,45269,57205,110866
42571:4370,104539,31906,31902,31878,31875,31873,31856,31850,31847
42583:1730,3568,5097,890,4743,18425,48165,42756,55944,121079
42651:109414,1327,81185,40987,50281,66027,81081,17,302,654
42703:80580,40256,14425,113967,106744,88015,51577,78645,68218,38013
42775:23911,99983,86808,86058,19350,53519,65327,11300,66812,17
42824:5702,17,302,654,15540,5987,11803,616,58,650
42829:110895,106322,80422,51883,17,31935,31932,31924,31906,31902
42865:113666,17,302,654,76,616,58,8,866,84
42919:45138,119810,34755,47903,80094,70168,21788,17040,35721,74105
42945:59031,17,500,2139,302,77407,2265,70,3288,654
43049:8860,168,463,719,984,1400,1326,5480,2685,7711
43078:61583,109169,78152,25093,55717,60939,114128,86764,111490,83423
43140:62186,114000,69384,36964,89264,24670,57351,101964,24081,11776
43178:12617,1175,44547,99359,90233,43848,2946,718,3307,5287
43313:97498,17,302,654,76,616,58,8,866,84
43372:113702,93630,1352,3140,32031,23884,19390,8848,12990,10041
43537:111007,29634,26773,26438,81907,20757,115688,114776,87952,81380
43550:74839,358,5242,11325,5922,115794,13240,64317,57449,678
43565:2548,4456,2268,3307,4292,3661,49421,3645,3646,3691
43598:94913,17,302,654,76,616,58,8,866,84
43635:302,17,654,58,1476,3234,495,84,1102,749
43636:5812,17403,81,7305,2292,6916,17,13288,62168,87110
43654:80086,7209,17,302,654,76,616,58,8,866
43729:80311,17,302,654,76,616,58,8,866,84
43748:17,395,302,239,654,726,3,58,837,29
43749:117624,80367,37143,74920,74956,74962,74983,74985,74986,74999
43829:75361,75389,75393,75402,75411,75421,75435,75472,75485,75487
43927:1361,33176,6559,44862,23365,7024,44479,8077,8153,75530
43933:12864,16217,41951,87253,24255,70,83806,121420,32166,20881
44096:99029,17,302,654,76,616,58,8,866,84
44162:29319,84988,78100,79716,79695,79656,79635,79628,79611,79585
44179:83262,1730,4456,6503,5287,50201,50105,49973,49717,3878
44238:31762,31790,31795,31804,31809,31811,31817,31847,31850,31856
44318:97246,26030,17314,17,302,654,76,616,58,8
44368:2687,122442,57827,63148,47746,91072,40333,32435,616,30954
44370:1102,17,1762,302,8,654,354,2570,518,74027
44484:4513,44318,8928,24564,6315,1002,3618,5083,16465,710
44583:441,1145,4513,14399,8928,47652,1256,31483,10647,4547
44758:83304,79447,79460,79476,79503,79517,79536,79546,79585,79611
44787:866,546,17,254,302,354,76,654,4068,1995
44797:394,17,9215,2185,3429,6546,650,9597,302,5239
44964:698,1677,2139,564,63621,17,23931,76,40,96
45009:54371,107489,21538,67071,81800,5763,10848,24170,74758,48618
45063:60270,30360,6240,43721,2532,36630,11637,112822,46098,7188
45069:68498,2178,18536,647,43881,22632,20621,86476,31095,62564
45101:118284,9090,88107,113542,32360,15115,15359,25636,30660,20194
45284:392,30479,1535,62,289,28800,564,2475,27420,14476
45293:74481,23687,102853,6780,111430,65022,39787,29114,50972,4521
45298:10060,114614,89728,28557,56002,6890,43712,30646,3371,55640
45341:57043,89071,32200,84325,49408,8878,62,285,96186,596
45353:37436,984,13567,760,719,661,168,69078,110174,113234
45443:12509,11251,22851,17,2139,64869,90191,79895,58544,6724
45510:108490,500,61735,76092,12227,16027,4915,54324,118639,115345
45542:110725,17,302,654,76,616,58,8,866,84
45550:26393,75361,75389,75393,75402,75411,75421,75435,75472,75485
45605:10039,3568,5097,890,4743,18425,1730,2139,24584,42756
45643:56530,99579,71035,44231,24262,1460,25344,25016,25050,25135
45741:86165,79643,79715,79720,79727,79768,79835,79863,79880,79933
45762:79447,79460,79476,79503,79517,79536,79546,79585,79611,79628
45825:69402,33687,40515,13689,44910,32924,327,616,17,65
45865:120985,73482,73474,73440,73368,73012,72996,72726,72492,72235
45868:73832,73836,73848,73853,73855,73859,73867,73868,73877,73880
45936:39402,9354,75937,43783,90909,32537,81699,1609,17816,100788
45989:64805,86901,17,302,654,76,616,58,8,866
46180:99445,17,302,654,76,616,58,8,866,84
46195:122127,21584,43509,82222,3307,40888,41200,42403,42528,43319
46369:106150,88527,76166,46978,94694,17257,18907,40543,12446,12222
46463:11302,82378,73848,73853,73855,73859,73867,73868,73877,73880
46473:17,2447,4941,8209,17198,12841,24211,11641,16155,4126
46483:361,254,17,7194,302,17934,654,354,2638,29
46528:3423,28926,780,2241,5767,3137,262,1884,226,3374
46560:1744,1065,441,89176,1382,15067,3093,25491,65974,6603
46562:88661,17,302,654,76,616,58,8,866,84
46702:16945,50302,3372,45394,59048,123292,112164,61086,123165,18719
46960:103414,482,1970,254,40,361,226,866,63722,17
47011:25979,7409,89680,37224,167,121134,63648,105661,62310,102699
47024:71737,91954,71205,67313,65591,37627,14731,76195,76213,76224
47247:90857,17,302,654,76,616,58,8,866,84
47248:23911,99983,86808,86058,66812,19350,17,302,654,76
47294:260,39435,79716,79695,79656,79635,79628,79611,79585,79546
47386:10339,32813,828,77863,75016,72567,77533,2715,76496,35798
47470:16686,74705,62870,17,302,654,76,616,58,8
47479:91538,17,302,654,76,616,58,8,866,84
47486:11176,32170,873,56909,111319,100198,77769,51233,19677,61
47659:63627,39610,86929,26652,11314,87238,7683,109526,122910,69035
47703:23824,6379,13895,50442,19433,34553,46994,23102,1446,25716
47721:35793,29532,39668,30977,49182,99712,44004,17865,47327,10519
47747:32604,33279,80425,13789,1193,80084,80083,80021,79988,79951
47815:117071,17,302,654,76,616,58,8,866,84
47883:74956,74962,74983,74985,74986,74999,75016,75017,75023,75053
47909:24216,3461,76584,2743,18433,1048,31906,54135,117622,29187
47973:93066,17,302,654,76,616,58,8,866,84
47993:32431,54930,114098,13091,803,2602,268,3137,2121,1790
48221:17585,34313,1803,37286,39904,7885,97885,37026,102994,90911
48276:1187,899,17,48,891,2162,1389,496,1057,875
48365:94299,11552,17,302,654,76,616,58,8,866
48480:115964,17,302,654,76,616,58,8,866,84
48549:302,17,58,29,616,84,1102,354,3730,5553
48680:16947,6207,17,441,1410,827,40,76,1009,5363
48757:6434,10041,3172,4825,4755,10977,1352,5287,2880,41235
48837:102102,69895,17823,80271,60051,19501,2852,70395,51103,114122
49030:12208,60137,74090,107918,5738,168,6162,90095,60275,16988
49035:74236,86357,72191,54400,42426,8587,1606,18593,36116,834
49063:574,96589,28352,168,30880,22792,23285,719,13567,6416
49112:59078,112168,54547,41108,107360,86782,87713,113647,115405,23694
49450:429,7067,42785,113663,96605,24894,82400,55749,19789,32755
49631:74956,74962,74983,74985,74986,74999,75016,75017,75023,75053
49664:719,2318,7426,5480,5738,463,9874,15100,76,661
49867:9594,4671,7468,14259,1077,1468,17,76200,37648,41687
49872:8322,24933,6856,13077,16965,36432,30815,51232,31597,19528
49906:81658,12565,4875,51234,29122,36399,58224,31585,17380,8934
49916:361,254,17,7194,302,17934,654,354,2638,29
49960:74956,74962,74983,74985,74986,74999,75016,75017,75023,75053
50007:30543,7779,5699,1580,5117,165,1473,38,27561,427
50021:9144,17,302,654,76,616,58,8,866,84
50046:302,17,58,29,616,84,1102,354,3730,5553
50050:38056,88164,9354,37270,37334,37390,37478,37526,37767,37784
50064:74147,74229,74408,74452,74708,74805,74885,74967,75426,75585
50167:302,239,654,84,866,395,3,58,726,354
50277:14636,36227,39096,72675,20931,3535,59184,49357,19925,74278
50290:1606,12776,4364,17,7333,3766,8587,6105,25733,46312
50395:101772,17,302,654,76,616,58,8,866,84
50671:18319,17,302,16572,45472,73182,301,102777,39447,68335
50696:110072,17,302,654,76,616,58,8,866,84
50702:302,239,654,84,866,395,3,58,726,354
50715:83053,89469,100873,83998,62262,5618,14186,390,82240,64766
50740:7445,81919,60954,87231,73894,73893,73890,73886,73885,73883
50802:7622,1547,7334,8759,311,12861,2543,19152,17002,17486
50807:3363,18101,97813,50201,80767,17715,45303,803,518,17
50835:2139,1164,4880,3131,21696,1471,813,4727,34500,2194
50972:46793,41942,72199,55038,3535,10135,14636,2026,6068,73883
50974:86360,94854,45161,4795,58078,37824,98495,95776,98961,89624
51093:101835,123149,95418,71292,18923,76477,76466,76450,76405,76378
51105:885,74038,38891,16995,31315,19330,56414,54551,79096,12216
51293:17,182,616,518,236,1245,409,650,302,3144
51297:8322,24933,6856,13077,16965,36432,30815,51232,31597,19528
51429:13660,378,5254,1352,78930,35083,2686,109834,45476,113927
51479:74920,74956,74962,74983,74985,74986,74999,75016,75017,75023
51501:116821,17,302,654,76,616,58,8,866,84
51529:29654,2089,38585,74077,73446,114582,93358,11587,99985,98797
51535:111209,75689,75779,75815,75956,75998,76022,76035,76074,76092
51615:114771,17,302,654,76,616,58,8,866,84
51720:10202,107713,2995,36586,17,302,654,76,616,58
51754:115537,17,302,654,76,616,58,8,866,84
51833:72573,73687,89561,92133,58352,44658,120851,118821,113694,112890
51835:29723,35722,10906,15294,19245,89980,110189,8892,13992,87822
51929:81120,79447,79460,79476,79503,79517,79536,79546,79585,79611
52007:121625,17,302,654,76,616,58,8,866,84
52031:3733,2740,83345,108243,117950,94607,83804,27753,64390,11846
52092:106648,17,302,654,76,616,58,8,866,84
52137:65414,1205,27313,348,85449,36660,35314,17874,50868,2095
52145:114296,17,302,654,76,616,58,8,866,84
52156:85092,17,302,654,76,616,58,8,866,84
52159:69361,20301,23792,45088,54415,12218,656,74831,58650,16654
52385:78637,110532,55843,29270,26988,16110,3450,119377,98874,85583
52423:24357,13858,4936,20102,120179,118448,31629,24257,45480,1119
52475:120707,17,302,654,76,616,58,8,866,84
52646:13816,5406,20095,26612,27755,72215,84586,115479,99513,115098
52656:8359,17,74916,302,1097,70509,19779,79087,1050,87446
52663:38785,92215,79687,94155,24905,8942,14928,26650,45748,27760
52665:113246,50227,62963,167,17,116859,302,654,76,616
52778:13785,81,5663,41129,57407,780,53532,1851,14013,105194
53080:110160,95846,17,302,654,76,616,58,8,866
53098:97057,77577,17,302,654,76,616,58,8,866
53391:12423,55364,113803,36819,49227,69690,67835,757,93409,94391
53476:12617,1175,44547,99359,90233,43848,2946,718,3307,5287
53643:17,302,564,654,616,58,650,84,361,866
54114:73659,52366,52214,55576,57227,64305,66099,67402,68755,69943
54855:72918,79715,79720,79727,79768,79835,79863,79880,79933,79951
54989:73975,64328,84923,95962,119924,116179,99589,43255,398,616
55300:302,239,654,84,866,395,3,58,726,354
55640:50296,65160,89659,28898,75171,98583,39480,10772,39895,55621
55670:76,5729,17,736,616,8,5022,58,302,654
55879:76,564,2414,698,17,40,616,1730,5729,58
56215:8654,113531,104372,19855,90290,38613,49790,53544,32728,17242
56230:17,119383,564,3188,102906,84139,301,322,62444,66937
